1	2
2	3	4	5	6
3	7	8	9
4	10
5	11
6	12	13	14	15
7
8	16	17	18	19
9
10	20
11	21
12	22
13
14	23	24	25	26
15
16
17	27	28	29	30
18
19
20	31	32	33
21	34
22	35	36	37
23
24
25	38	39	40	41
26
27
28	42
29
30
31	43	44	45
32	46	47	48
33
34	49	50
35
36	51	52	53
37	54	55	56
38
39
40	57
41
42	58	59
43
44	60
45
46
47
48
49	61	62	63
50	64	65	66	67
51
52
53
54
55	68
56
57	69	70
58
59	71	72
60	73	74
61
62
63
64
65	75
66
67
68	76	77
69	78	79
70
71	80	81
72
73
74
75	82	83	84
76
77
78
79	85	86
80
81	87	88
82	89	90
83
84	91	92
85	93	94
86
87	95	96
88	97
89	98
90
91
92	99
93	100
94	101	102
95	103
96
97
98	104	105
99	106	107
100
101
102	108
103
104	109
105
106
107	110
108
109	111
110	112
111	113
112	114
113	115	116
114	117	118
115	119	120
116	121
117	122
118	123	124
119	125
120	126
121
122
123	127
124	128
125
126
127
128	
